function S = symbol_S(x,x1_1,x2_1,x3_1,x4_1,x5_1)
%SYMBOL_S
%    S = SYMBOL_S(X,X1_1,X2_1,X3_1,X4_1,X5_1)

%    This function was generated by the Symbolic Math Toolbox version 7.2.
%    07-May-2018 19:15:09

t2 = x-x3_1;
t3 = x-x4_1;
t4 = x-x5_1;
t5 = x1_1-x2_1;
t6 = 1.0./t5;
t7 = x-x1_1;
t8 = x-x2_1;
t9 = x1_1-x3_1;
t10 = 1.0./t9;
t11 = x2_1-x3_1;
t12 = 1.0./t11;
t13 = x1_1-x4_1;
t14 = 1.0./t13;
t15 = x2_1-x4_1;
t16 = 1.0./t15;
t17 = x3_1-x4_1;
t18 = 1.0./t17;
t19 = x1_1-x5_1;
t20 = 1.0./t19;
t21 = x2_1-x5_1;
t22 = 1.0./t21;
t23 = x3_1-x5_1;
t24 = 1.0./t23;
t25 = x4_1-x5_1;
t26 = 1.0./t25;
t27 = 1.0./t19.^2;
t28 = t4.^2;
t29 = t7.^2;
t30 = t20.*2.0;
t31 = x1_1+x5_1;
t32 = x1_1.*x5_1;
t33 = x.^2;
t34 = t32+t33-t31.*x;
S = reshape([t2.*t3.*t4.*t6.*t8.*t10.*t14.*t20,0.0,0.0,-t2.*t3.*t6.*t8.*t10.*t14.*t27.*t28.*(t7.*(t6+t10+t14+t30)-1.0),0.0,t2.*t3.*t4.*t6.*t8.*t10.*t14.*t27.*t34,-t2.*t3.*t4.*t6.*t7.*t12.*t16.*t22,0.0,0.0,t2.*t3.*1.0./t5.^2.*t12.*t16.*1.0./t21.^2.*t28.*t29,t3.*t4.*t7.*t8.*t10.*t12.*t18.*t24,0.0,0.0,-t3.*t8.*1.0./t9.^2.*t12.*t18.*1.0./t23.^2.*t28.*t29,-t2.*t4.*t7.*t8.*t14.*t16.*t18.*t26,0.0,0.0,t2.*t8.*1.0./t13.^2.*t16.*t18.*1.0./t25.^2.*t28.*t29,t2.*t3.*t7.*t8.*t20.*t22.*t24.*t26,0.0,0.0,-t2.*t3.*t8.*t22.*t24.*t26.*t27.*t29.*(t4.*(t22+t24+t26+t30)+1.0),0.0,-t2.*t3.*t7.*t8.*t22.*t24.*t26.*t27.*t34],[2,12]);
